A = [0 3 2; 0.4 0 0; 0 0.15 0];
X = [10; 20; 15];
X5 = A^5 * X